11001011111111111111111111111111
01000000000110010000000000111100
00010011001000000000000000000000
10000111001111111111111111111111
10000000000111001111111111111111
10000000000111001111111111111111
10000000000111001111111111111111
10000000000111001111111111111111
10000000000111001111111111111111
10000000000111001111111111111111
10000000000111001111111111111111
10000000000111001111111111111111
10000000000111001111111111111111
10000000000111001111111111111111
10000000000111001111111111111111
10000000000111001111111111111111
10000000000111001111111111111111
10000000000111001111111111111111
10000000000111001111111111111111
10000000000111001111111111111111
10000000000111001111111111111111
11111111010000000000000000000000
